I had to expand it a little bit to find the pattern.

157                                             169    
    111 112 113 114 115 116 117 118 119 120 121 122
    110  73 74 75 76 77 78  79         80 81 82 123
    109  72 43 44 45 46 47 48 49 50          83 124              
    108  71 42 21 22 23 24 25 26 51          84 125
    107  70 41 20  7  8  9 10 27 52          85 126
    106  69 40 19  6  1  2 11 28 53          86 127
    105  68 39 18  5  4  3 12 29 54          87 128
    104  67 38 17 16 15 14 13 30 55          88 129
    103  66 37 36 35 34 33 32 31 56          89 130
    102  65 64 63 62 61 60 59 58 57          90 131
    101 100 99 98 97 96 95 94 93 92          91 132
145 144 143 142 141 140 139 138 137 136 135 134 133  



3^2-0=9    3^2-2=7     3^2-4=5     3^2-6=3        #-2 each time times 3
  
5^2-0=25    5^2-4=21     5^2-8=17    5^2-12=13    #-4 each time times 3

7^2-0=49    7^2-6=43     7^2-6=37    7^2-6=31    #-6 each time times 3

9^2-0=81    9^2-8=71     9^2-16=65    9^2-24=57   #-8 each time times 3

11^2-0=121  121-10=111   121-20=101   121-30=91   #-10 each time times 3

13^2-0=169  13^2-12=157   …                       #-12 each time times 3

